z[m] p[mb] tpls[K/s] qls[kg/kg/s] uls vls wls
0.00 64 1008.29
 -999.90     1003.72      281.71        4.73        0.00        0.00        0.00
 -999.90      993.91      281.63        4.40        0.00        0.00        0.00
 -999.90      982.58      281.72        4.32        0.00        0.00        0.00
 -999.90      969.54      281.82        4.21        0.00        0.00        0.00
 -999.90      954.58      281.96        4.10        0.00        0.00        0.00
 -999.90      937.49      282.14        3.94        0.00        0.00        0.00
 -999.90      918.10      282.39        3.72        0.00        0.00        0.00
 -999.90      896.26      282.76        3.44        0.00        0.00        0.00
 -999.90      871.95      283.28        3.12        0.00        0.00        0.00
 -999.90      845.24      283.93        2.75        0.00        0.00        0.00
 -999.90      816.36      284.67        2.37        0.00        0.00        0.00
 -999.90      785.67      285.45        2.00        0.00        0.00        0.00
 -999.90      753.65      286.29        1.63        0.00        0.00        0.00
 -999.90      720.83      287.19        1.28        0.00        0.00        0.00
 -999.90      687.69      288.07        0.98        0.00        0.00        0.00
 -999.90      654.68      288.89        0.73        0.00        0.00        0.00
 -999.90      622.12      289.64        0.53        0.00        0.00        0.00
 -999.90      590.29      290.30        0.37        0.00        0.00        0.00
 -999.90      559.33      290.89        0.26        0.00        0.00        0.00
 -999.90      529.36      291.36        0.19        0.00        0.00        0.00
 -999.90      500.44      291.74        0.14        0.00        0.00        0.00
 -999.90      472.60      292.07        0.10        0.00        0.00        0.00
 -999.90      445.85      292.36        0.08        0.00        0.00        0.00
 -999.90      420.20      292.61        0.06        0.00        0.00        0.00
 -999.90      395.60      292.84        0.04        0.00        0.00        0.00
 -999.90      372.07      293.09        0.03        0.00        0.00        0.00
 -999.90      349.55      293.35        0.02        0.00        0.00        0.00
 -999.90      328.05      293.66        0.01        0.00        0.00        0.00
 -999.90      307.53      294.09        0.01        0.00        0.00        0.00
 -999.90      287.98      294.75        0.01        0.00        0.00        0.00
 -999.90      269.37      295.71        0.00        0.00        0.00        0.00
 -999.90      251.71      297.19        0.00        0.00        0.00        0.00
 -999.90      235.00      299.30        0.00        0.00        0.00        0.00
 -999.90      219.24      302.70        0.00        0.00        0.00        0.00
 -999.90      204.42      307.02        0.00        0.00        0.00        0.00
 -999.90      190.53      312.81        0.00        0.00        0.00        0.00
 -999.90      177.57      318.96        0.00        0.00        0.00        0.00
 -999.90      165.52      325.87        0.00        0.00        0.00        0.00
 -999.90      154.30      332.98        0.00        0.00        0.00        0.00
 -999.90      143.88      341.00        0.00        0.00        0.00        0.00
 -999.90      134.20      348.97        0.00        0.00        0.00        0.00
 -999.90      125.21      357.21        0.00        0.00        0.00        0.00
 -999.90      116.83      365.10        0.00        0.00        0.00        0.00
 -999.90      109.02      372.95        0.00        0.00        0.00        0.00
 -999.90      101.71      380.02        0.00        0.00        0.00        0.00
 -999.90       94.87      387.15        0.00        0.00        0.00        0.00
 -999.90       88.47      393.80        0.00        0.00        0.00        0.00
 -999.90       82.49      401.19        0.00        0.00        0.00        0.00
 -999.90       76.90      408.54        0.00        0.00        0.00        0.00
 -999.90       71.66      417.60        0.00        0.00        0.00        0.00
 -999.90       66.72      426.54        0.00        0.00        0.00        0.00
 -999.90       62.06      437.23        0.00        0.00        0.00        0.00
 -999.90       57.60      446.50        0.00        0.00        0.00        0.00
 -999.90       53.27      457.53        0.00        0.00        0.00        0.00
 -999.90       48.99      472.47        0.00        0.00        0.00        0.00
 -999.90       44.65      491.54        0.00        0.00        0.00        0.00
 -999.90       40.12      514.41        0.00        0.00        0.00        0.00
 -999.90       35.36      538.70        0.00        0.00        0.00        0.00
 -999.90       30.58      570.38        0.00        0.00        0.00        0.00
 -999.90       26.20      605.90        0.00        0.00        0.00        0.00
 -999.90       22.39      641.72        0.00        0.00        0.00        0.00
 -999.90       19.15      681.08        0.00        0.00        0.00        0.00
 -999.90       16.41      726.91        0.00        0.00        0.00        0.00
 -999.90       14.11      774.78        0.00        0.00        0.00        0.00
1000.00 64 1008.29
 -999.90     1003.72      281.71        4.73        0.00        0.00        0.00
 -999.90      993.91      281.63        4.40        0.00        0.00        0.00
 -999.90      982.58      281.72        4.32        0.00        0.00        0.00
 -999.90      969.54      281.82        4.21        0.00        0.00        0.00
 -999.90      954.58      281.96        4.10        0.00        0.00        0.00
 -999.90      937.49      282.14        3.94        0.00        0.00        0.00
 -999.90      918.10      282.39        3.72        0.00        0.00        0.00
 -999.90      896.26      282.76        3.44        0.00        0.00        0.00
 -999.90      871.95      283.28        3.12        0.00        0.00        0.00
 -999.90      845.24      283.93        2.75        0.00        0.00        0.00
 -999.90      816.36      284.67        2.37        0.00        0.00        0.00
 -999.90      785.67      285.45        2.00        0.00        0.00        0.00
 -999.90      753.65      286.29        1.63        0.00        0.00        0.00
 -999.90      720.83      287.19        1.28        0.00        0.00        0.00
 -999.90      687.69      288.07        0.98        0.00        0.00        0.00
 -999.90      654.68      288.89        0.73        0.00        0.00        0.00
 -999.90      622.12      289.64        0.53        0.00        0.00        0.00
 -999.90      590.29      290.30        0.37        0.00        0.00        0.00
 -999.90      559.33      290.89        0.26        0.00        0.00        0.00
 -999.90      529.36      291.36        0.19        0.00        0.00        0.00
 -999.90      500.44      291.74        0.14        0.00        0.00        0.00
 -999.90      472.60      292.07        0.10        0.00        0.00        0.00
 -999.90      445.85      292.36        0.08        0.00        0.00        0.00
 -999.90      420.20      292.61        0.06        0.00        0.00        0.00
 -999.90      395.60      292.84        0.04        0.00        0.00        0.00
 -999.90      372.07      293.09        0.03        0.00        0.00        0.00
 -999.90      349.55      293.35        0.02        0.00        0.00        0.00
 -999.90      328.05      293.66        0.01        0.00        0.00        0.00
 -999.90      307.53      294.09        0.01        0.00        0.00        0.00
 -999.90      287.98      294.75        0.01        0.00        0.00        0.00
 -999.90      269.37      295.71        0.00        0.00        0.00        0.00
 -999.90      251.71      297.19        0.00        0.00        0.00        0.00
 -999.90      235.00      299.30        0.00        0.00        0.00        0.00
 -999.90      219.24      302.70        0.00        0.00        0.00        0.00
 -999.90      204.42      307.02        0.00        0.00        0.00        0.00
 -999.90      190.53      312.81        0.00        0.00        0.00        0.00
 -999.90      177.57      318.96        0.00        0.00        0.00        0.00
 -999.90      165.52      325.87        0.00        0.00        0.00        0.00
 -999.90      154.30      332.98        0.00        0.00        0.00        0.00
 -999.90      143.88      341.00        0.00        0.00        0.00        0.00
 -999.90      134.20      348.97        0.00        0.00        0.00        0.00
 -999.90      125.21      357.21        0.00        0.00        0.00        0.00
 -999.90      116.83      365.10        0.00        0.00        0.00        0.00
 -999.90      109.02      372.95        0.00        0.00        0.00        0.00
 -999.90      101.71      380.02        0.00        0.00        0.00        0.00
 -999.90       94.87      387.15        0.00        0.00        0.00        0.00
 -999.90       88.47      393.80        0.00        0.00        0.00        0.00
 -999.90       82.49      401.19        0.00        0.00        0.00        0.00
 -999.90       76.90      408.54        0.00        0.00        0.00        0.00
 -999.90       71.66      417.60        0.00        0.00        0.00        0.00
 -999.90       66.72      426.54        0.00        0.00        0.00        0.00
 -999.90       62.06      437.23        0.00        0.00        0.00        0.00
 -999.90       57.60      446.50        0.00        0.00        0.00        0.00
 -999.90       53.27      457.53        0.00        0.00        0.00        0.00
 -999.90       48.99      472.47        0.00        0.00        0.00        0.00
 -999.90       44.65      491.54        0.00        0.00        0.00        0.00
 -999.90       40.12      514.41        0.00        0.00        0.00        0.00
 -999.90       35.36      538.70        0.00        0.00        0.00        0.00
 -999.90       30.58      570.38        0.00        0.00        0.00        0.00
 -999.90       26.20      605.90        0.00        0.00        0.00        0.00
 -999.90       22.39      641.72        0.00        0.00        0.00        0.00
 -999.90       19.15      681.08        0.00        0.00        0.00        0.00
 -999.90       16.41      726.91        0.00        0.00        0.00        0.00
 -999.90       14.11      774.78        0.00        0.00        0.00        0.00

