z[m] p[mb] tpls[K/s] qls[kg/kg/s] uls vls wls
0.00 64 1008.29
 -999.90     1003.63      276.26        3.26        0.00        0.00        0.00
 -999.90      993.60      276.13        3.01        0.00        0.00        0.00
 -999.90      982.03      276.19        2.93        0.00        0.00        0.00
 -999.90      968.72      276.31        2.81        0.00        0.00        0.00
 -999.90      953.45      276.48        2.67        0.00        0.00        0.00
 -999.90      936.01      276.71        2.49        0.00        0.00        0.00
 -999.90      916.21      277.02        2.26        0.00        0.00        0.00
 -999.90      893.94      277.40        2.00        0.00        0.00        0.00
 -999.90      869.15      277.82        1.73        0.00        0.00        0.00
 -999.90      841.93      278.27        1.48        0.00        0.00        0.00
 -999.90      812.51      278.79        1.23        0.00        0.00        0.00
 -999.90      781.26      279.38        0.98        0.00        0.00        0.00
 -999.90      748.67      280.03        0.75        0.00        0.00        0.00
 -999.90      715.26      280.68        0.55        0.00        0.00        0.00
 -999.90      681.54      281.27        0.40        0.00        0.00        0.00
 -999.90      647.94      281.79        0.29        0.00        0.00        0.00
 -999.90      614.81      282.24        0.20        0.00        0.00        0.00
 -999.90      582.42      282.62        0.15        0.00        0.00        0.00
 -999.90      550.93      282.93        0.11        0.00        0.00        0.00
 -999.90      520.46      283.18        0.08        0.00        0.00        0.00
 -999.90      491.07      283.40        0.06        0.00        0.00        0.00
 -999.90      462.81      283.59        0.05        0.00        0.00        0.00
 -999.90      435.68      283.77        0.03        0.00        0.00        0.00
 -999.90      409.68      283.97        0.02        0.00        0.00        0.00
 -999.90      384.80      284.18        0.02        0.00        0.00        0.00
 -999.90      361.03      284.44        0.01        0.00        0.00        0.00
 -999.90      338.33      284.78        0.01        0.00        0.00        0.00
 -999.90      316.70      285.34        0.00        0.00        0.00        0.00
 -999.90      296.12      286.24        0.00        0.00        0.00        0.00
 -999.90      276.58      287.63        0.00        0.00        0.00        0.00
 -999.90      258.11      289.76        0.00        0.00        0.00        0.00
 -999.90      240.70      293.16        0.00        0.00        0.00        0.00
 -999.90      224.38      297.77        0.00        0.00        0.00        0.00
 -999.90      209.14      303.48        0.00        0.00        0.00        0.00
 -999.90      194.93      310.06        0.00        0.00        0.00        0.00
 -999.90      181.72      317.14        0.00        0.00        0.00        0.00
 -999.90      169.45      324.81        0.00        0.00        0.00        0.00
 -999.90      158.00      332.02        0.00        0.00        0.00        0.00
 -999.90      147.35      339.05        0.00        0.00        0.00        0.00
 -999.90      137.42      345.78        0.00        0.00        0.00        0.00
 -999.90      128.17      352.65        0.00        0.00        0.00        0.00
 -999.90      119.55      360.09        0.00        0.00        0.00        0.00
 -999.90      111.51      367.35        0.00        0.00        0.00        0.00
 -999.90      103.99      374.76        0.00        0.00        0.00        0.00
 -999.90       96.96      381.67        0.00        0.00        0.00        0.00
 -999.90       90.40      388.31        0.00        0.00        0.00        0.00
 -999.90       84.26      394.40        0.00        0.00        0.00        0.00
 -999.90       78.51      401.54        0.00        0.00        0.00        0.00
 -999.90       73.12      409.02        0.00        0.00        0.00        0.00
 -999.90       68.08      418.69        0.00        0.00        0.00        0.00
 -999.90       63.35      428.03        0.00        0.00        0.00        0.00
 -999.90       58.89      439.51        0.00        0.00        0.00        0.00
 -999.90       54.63      449.03        0.00        0.00        0.00        0.00
 -999.90       50.51      460.31        0.00        0.00        0.00        0.00
 -999.90       46.42      474.90        0.00        0.00        0.00        0.00
 -999.90       42.28      494.75        0.00        0.00        0.00        0.00
 -999.90       37.96      518.34        0.00        0.00        0.00        0.00
 -999.90       33.42      543.52        0.00        0.00        0.00        0.00
 -999.90       28.88      575.34        0.00        0.00        0.00        0.00
 -999.90       24.70      610.74        0.00        0.00        0.00        0.00
 -999.90       21.08      646.33        0.00        0.00        0.00        0.00
 -999.90       18.00      687.21        0.00        0.00        0.00        0.00
 -999.90       15.41      734.28        0.00        0.00        0.00        0.00
 -999.90       13.23      783.52        0.00        0.00        0.00        0.00
1000.00 64 1008.29
 -999.90     1003.63      276.26        3.26        0.00        0.00        0.00
 -999.90      993.60      276.13        3.01        0.00        0.00        0.00
 -999.90      982.03      276.19        2.93        0.00        0.00        0.00
 -999.90      968.72      276.31        2.81        0.00        0.00        0.00
 -999.90      953.45      276.48        2.67        0.00        0.00        0.00
 -999.90      936.01      276.71        2.49        0.00        0.00        0.00
 -999.90      916.21      277.02        2.26        0.00        0.00        0.00
 -999.90      893.94      277.40        2.00        0.00        0.00        0.00
 -999.90      869.15      277.82        1.73        0.00        0.00        0.00
 -999.90      841.93      278.27        1.48        0.00        0.00        0.00
 -999.90      812.51      278.79        1.23        0.00        0.00        0.00
 -999.90      781.26      279.38        0.98        0.00        0.00        0.00
 -999.90      748.67      280.03        0.75        0.00        0.00        0.00
 -999.90      715.26      280.68        0.55        0.00        0.00        0.00
 -999.90      681.54      281.27        0.40        0.00        0.00        0.00
 -999.90      647.94      281.79        0.29        0.00        0.00        0.00
 -999.90      614.81      282.24        0.20        0.00        0.00        0.00
 -999.90      582.42      282.62        0.15        0.00        0.00        0.00
 -999.90      550.93      282.93        0.11        0.00        0.00        0.00
 -999.90      520.46      283.18        0.08        0.00        0.00        0.00
 -999.90      491.07      283.40        0.06        0.00        0.00        0.00
 -999.90      462.81      283.59        0.05        0.00        0.00        0.00
 -999.90      435.68      283.77        0.03        0.00        0.00        0.00
 -999.90      409.68      283.97        0.02        0.00        0.00        0.00
 -999.90      384.80      284.18        0.02        0.00        0.00        0.00
 -999.90      361.03      284.44        0.01        0.00        0.00        0.00
 -999.90      338.33      284.78        0.01        0.00        0.00        0.00
 -999.90      316.70      285.34        0.00        0.00        0.00        0.00
 -999.90      296.12      286.24        0.00        0.00        0.00        0.00
 -999.90      276.58      287.63        0.00        0.00        0.00        0.00
 -999.90      258.11      289.76        0.00        0.00        0.00        0.00
 -999.90      240.70      293.16        0.00        0.00        0.00        0.00
 -999.90      224.38      297.77        0.00        0.00        0.00        0.00
 -999.90      209.14      303.48        0.00        0.00        0.00        0.00
 -999.90      194.93      310.06        0.00        0.00        0.00        0.00
 -999.90      181.72      317.14        0.00        0.00        0.00        0.00
 -999.90      169.45      324.81        0.00        0.00        0.00        0.00
 -999.90      158.00      332.02        0.00        0.00        0.00        0.00
 -999.90      147.35      339.05        0.00        0.00        0.00        0.00
 -999.90      137.42      345.78        0.00        0.00        0.00        0.00
 -999.90      128.17      352.65        0.00        0.00        0.00        0.00
 -999.90      119.55      360.09        0.00        0.00        0.00        0.00
 -999.90      111.51      367.35        0.00        0.00        0.00        0.00
 -999.90      103.99      374.76        0.00        0.00        0.00        0.00
 -999.90       96.96      381.67        0.00        0.00        0.00        0.00
 -999.90       90.40      388.31        0.00        0.00        0.00        0.00
 -999.90       84.26      394.40        0.00        0.00        0.00        0.00
 -999.90       78.51      401.54        0.00        0.00        0.00        0.00
 -999.90       73.12      409.02        0.00        0.00        0.00        0.00
 -999.90       68.08      418.69        0.00        0.00        0.00        0.00
 -999.90       63.35      428.03        0.00        0.00        0.00        0.00
 -999.90       58.89      439.51        0.00        0.00        0.00        0.00
 -999.90       54.63      449.03        0.00        0.00        0.00        0.00
 -999.90       50.51      460.31        0.00        0.00        0.00        0.00
 -999.90       46.42      474.90        0.00        0.00        0.00        0.00
 -999.90       42.28      494.75        0.00        0.00        0.00        0.00
 -999.90       37.96      518.34        0.00        0.00        0.00        0.00
 -999.90       33.42      543.52        0.00        0.00        0.00        0.00
 -999.90       28.88      575.34        0.00        0.00        0.00        0.00
 -999.90       24.70      610.74        0.00        0.00        0.00        0.00
 -999.90       21.08      646.33        0.00        0.00        0.00        0.00
 -999.90       18.00      687.21        0.00        0.00        0.00        0.00
 -999.90       15.41      734.28        0.00        0.00        0.00        0.00
 -999.90       13.23      783.52        0.00        0.00        0.00        0.00

