z[m] p[mb] tpls[K/s] qls[kg/kg/s] uls vls wls
0.00 64 1008.29
 -999.90     1003.90      292.34        9.76        0.00        0.00        0.00
 -999.90      994.45      292.30        9.22        0.00        0.00        0.00
 -999.90      983.54      292.40        9.10        0.00        0.00        0.00
 -999.90      970.99      292.53        8.92        0.00        0.00        0.00
 -999.90      956.59      292.71        8.71        0.00        0.00        0.00
 -999.90      940.13      292.94        8.40        0.00        0.00        0.00
 -999.90      921.43      293.28        7.95        0.00        0.00        0.00
 -999.90      900.37      293.81        7.36        0.00        0.00        0.00
 -999.90      876.91      294.51        6.75        0.00        0.00        0.00
 -999.90      851.14      295.33        6.17        0.00        0.00        0.00
 -999.90      823.26      296.25        5.63        0.00        0.00        0.00
 -999.90      793.62      297.25        5.09        0.00        0.00        0.00
 -999.90      762.68      298.35        4.55        0.00        0.00        0.00
 -999.90      730.96      299.55        3.97        0.00        0.00        0.00
 -999.90      698.93      300.83        3.38        0.00        0.00        0.00
 -999.90      667.02      302.14        2.80        0.00        0.00        0.00
 -999.90      635.56      303.44        2.29        0.00        0.00        0.00
 -999.90      604.76      304.76        1.83        0.00        0.00        0.00
 -999.90      574.82      306.10        1.42        0.00        0.00        0.00
 -999.90      545.85      307.38        1.07        0.00        0.00        0.00
 -999.90      517.90      308.52        0.81        0.00        0.00        0.00
 -999.90      490.98      309.62        0.60        0.00        0.00        0.00
 -999.90      465.09      310.59        0.45        0.00        0.00        0.00
 -999.90      440.21      311.40        0.34        0.00        0.00        0.00
 -999.90      416.32      312.14        0.25        0.00        0.00        0.00
 -999.90      393.40      312.82        0.18        0.00        0.00        0.00
 -999.90      371.42      313.42        0.14        0.00        0.00        0.00
 -999.90      350.36      313.94        0.10        0.00        0.00        0.00
 -999.90      330.19      314.38        0.08        0.00        0.00        0.00
 -999.90      310.89      314.80        0.06        0.00        0.00        0.00
 -999.90      292.42      315.25        0.04        0.00        0.00        0.00
 -999.90      274.78      315.73        0.03        0.00        0.00        0.00
 -999.90      257.94      316.27        0.02        0.00        0.00        0.00
 -999.90      241.87      317.08        0.01        0.00        0.00        0.00
 -999.90      226.57      318.14        0.01        0.00        0.00        0.00
 -999.90      212.03      319.46        0.01        0.00        0.00        0.00
 -999.90      198.23      321.31        0.00        0.00        0.00        0.00
 -999.90      185.16      323.87        0.00        0.00        0.00        0.00
 -999.90      172.82      327.17        0.00        0.00        0.00        0.00
 -999.90      161.21      331.36        0.00        0.00        0.00        0.00
 -999.90      150.32      336.34        0.00        0.00        0.00        0.00
 -999.90      140.15      342.41        0.00        0.00        0.00        0.00
 -999.90      130.68      348.95        0.00        0.00        0.00        0.00
 -999.90      121.86      356.53        0.00        0.00        0.00        0.00
 -999.90      113.63      364.21        0.00        0.00        0.00        0.00
 -999.90      105.97      372.82        0.00        0.00        0.00        0.00
 -999.90       98.83      381.45        0.00        0.00        0.00        0.00
 -999.90       92.18      390.98        0.00        0.00        0.00        0.00
 -999.90       85.97      400.10        0.00        0.00        0.00        0.00
 -999.90       80.17      410.13        0.00        0.00        0.00        0.00
 -999.90       74.72      419.60        0.00        0.00        0.00        0.00
 -999.90       69.57      430.31        0.00        0.00        0.00        0.00
 -999.90       64.66      439.59        0.00        0.00        0.00        0.00
 -999.90       59.90      450.85        0.00        0.00        0.00        0.00
 -999.90       55.19      465.44        0.00        0.00        0.00        0.00
 -999.90       50.40      483.38        0.00        0.00        0.00        0.00
 -999.90       45.38      505.06        0.00        0.00        0.00        0.00
 -999.90       40.08      529.15        0.00        0.00        0.00        0.00
 -999.90       34.75      559.94        0.00        0.00        0.00        0.00
 -999.90       29.85      593.74        0.00        0.00        0.00        0.00
 -999.90       25.57      626.94        0.00        0.00        0.00        0.00
 -999.90       21.91      663.79        0.00        0.00        0.00        0.00
 -999.90       18.82      707.52        0.00        0.00        0.00        0.00
 -999.90       16.21      753.20        0.00        0.00        0.00        0.00
1000.00 64 1008.29
 -999.90     1003.90      292.34        9.76        0.00        0.00        0.00
 -999.90      994.45      292.30        9.22        0.00        0.00        0.00
 -999.90      983.54      292.40        9.10        0.00        0.00        0.00
 -999.90      970.99      292.53        8.92        0.00        0.00        0.00
 -999.90      956.59      292.71        8.71        0.00        0.00        0.00
 -999.90      940.13      292.94        8.40        0.00        0.00        0.00
 -999.90      921.43      293.28        7.95        0.00        0.00        0.00
 -999.90      900.37      293.81        7.36        0.00        0.00        0.00
 -999.90      876.91      294.51        6.75        0.00        0.00        0.00
 -999.90      851.14      295.33        6.17        0.00        0.00        0.00
 -999.90      823.26      296.25        5.63        0.00        0.00        0.00
 -999.90      793.62      297.25        5.09        0.00        0.00        0.00
 -999.90      762.68      298.35        4.55        0.00        0.00        0.00
 -999.90      730.96      299.55        3.97        0.00        0.00        0.00
 -999.90      698.93      300.83        3.38        0.00        0.00        0.00
 -999.90      667.02      302.14        2.80        0.00        0.00        0.00
 -999.90      635.56      303.44        2.29        0.00        0.00        0.00
 -999.90      604.76      304.76        1.83        0.00        0.00        0.00
 -999.90      574.82      306.10        1.42        0.00        0.00        0.00
 -999.90      545.85      307.38        1.07        0.00        0.00        0.00
 -999.90      517.90      308.52        0.81        0.00        0.00        0.00
 -999.90      490.98      309.62        0.60        0.00        0.00        0.00
 -999.90      465.09      310.59        0.45        0.00        0.00        0.00
 -999.90      440.21      311.40        0.34        0.00        0.00        0.00
 -999.90      416.32      312.14        0.25        0.00        0.00        0.00
 -999.90      393.40      312.82        0.18        0.00        0.00        0.00
 -999.90      371.42      313.42        0.14        0.00        0.00        0.00
 -999.90      350.36      313.94        0.10        0.00        0.00        0.00
 -999.90      330.19      314.38        0.08        0.00        0.00        0.00
 -999.90      310.89      314.80        0.06        0.00        0.00        0.00
 -999.90      292.42      315.25        0.04        0.00        0.00        0.00
 -999.90      274.78      315.73        0.03        0.00        0.00        0.00
 -999.90      257.94      316.27        0.02        0.00        0.00        0.00
 -999.90      241.87      317.08        0.01        0.00        0.00        0.00
 -999.90      226.57      318.14        0.01        0.00        0.00        0.00
 -999.90      212.03      319.46        0.01        0.00        0.00        0.00
 -999.90      198.23      321.31        0.00        0.00        0.00        0.00
 -999.90      185.16      323.87        0.00        0.00        0.00        0.00
 -999.90      172.82      327.17        0.00        0.00        0.00        0.00
 -999.90      161.21      331.36        0.00        0.00        0.00        0.00
 -999.90      150.32      336.34        0.00        0.00        0.00        0.00
 -999.90      140.15      342.41        0.00        0.00        0.00        0.00
 -999.90      130.68      348.95        0.00        0.00        0.00        0.00
 -999.90      121.86      356.53        0.00        0.00        0.00        0.00
 -999.90      113.63      364.21        0.00        0.00        0.00        0.00
 -999.90      105.97      372.82        0.00        0.00        0.00        0.00
 -999.90       98.83      381.45        0.00        0.00        0.00        0.00
 -999.90       92.18      390.98        0.00        0.00        0.00        0.00
 -999.90       85.97      400.10        0.00        0.00        0.00        0.00
 -999.90       80.17      410.13        0.00        0.00        0.00        0.00
 -999.90       74.72      419.60        0.00        0.00        0.00        0.00
 -999.90       69.57      430.31        0.00        0.00        0.00        0.00
 -999.90       64.66      439.59        0.00        0.00        0.00        0.00
 -999.90       59.90      450.85        0.00        0.00        0.00        0.00
 -999.90       55.19      465.44        0.00        0.00        0.00        0.00
 -999.90       50.40      483.38        0.00        0.00        0.00        0.00
 -999.90       45.38      505.06        0.00        0.00        0.00        0.00
 -999.90       40.08      529.15        0.00        0.00        0.00        0.00
 -999.90       34.75      559.94        0.00        0.00        0.00        0.00
 -999.90       29.85      593.74        0.00        0.00        0.00        0.00
 -999.90       25.57      626.94        0.00        0.00        0.00        0.00
 -999.90       21.91      663.79        0.00        0.00        0.00        0.00
 -999.90       18.82      707.52        0.00        0.00        0.00        0.00
 -999.90       16.21      753.20        0.00        0.00        0.00        0.00

