z[m] p[mb] tpls[K/s] qls[kg/kg/s] uls vls wls
0.00 64 1008.29
 -999.90     1003.82      287.14        6.80        0.00        0.00        0.00
 -999.90      994.19      287.08        6.36        0.00        0.00        0.00
 -999.90      983.09      287.17        6.25        0.00        0.00        0.00
 -999.90      970.31      287.29        6.11        0.00        0.00        0.00
 -999.90      955.64      287.46        5.95        0.00        0.00        0.00
 -999.90      938.88      287.67        5.73        0.00        0.00        0.00
 -999.90      919.84      287.96        5.44        0.00        0.00        0.00
 -999.90      898.40      288.35        5.08        0.00        0.00        0.00
 -999.90      874.51      288.86        4.69        0.00        0.00        0.00
 -999.90      848.27      289.50        4.29        0.00        0.00        0.00
 -999.90      819.88      290.26        3.86        0.00        0.00        0.00
 -999.90      789.72      291.22        3.38        0.00        0.00        0.00
 -999.90      758.26      292.27        2.85        0.00        0.00        0.00
 -999.90      725.99      293.36        2.36        0.00        0.00        0.00
 -999.90      693.40      294.49        1.89        0.00        0.00        0.00
 -999.90      660.93      295.61        1.48        0.00        0.00        0.00
 -999.90      628.91      296.75        1.12        0.00        0.00        0.00
 -999.90      597.59      297.76        0.83        0.00        0.00        0.00
 -999.90      567.15      298.68        0.62        0.00        0.00        0.00
 -999.90      537.68      299.50        0.45        0.00        0.00        0.00
 -999.90      509.24      300.20        0.33        0.00        0.00        0.00
 -999.90      481.85      300.78        0.24        0.00        0.00        0.00
 -999.90      455.53      301.30        0.18        0.00        0.00        0.00
 -999.90      430.26      301.77        0.13        0.00        0.00        0.00
 -999.90      406.01      302.18        0.09        0.00        0.00        0.00
 -999.90      382.76      302.53        0.07        0.00        0.00        0.00
 -999.90      360.50      302.85        0.05        0.00        0.00        0.00
 -999.90      339.20      303.18        0.04        0.00        0.00        0.00
 -999.90      318.83      303.53        0.03        0.00        0.00        0.00
 -999.90      299.36      303.90        0.02        0.00        0.00        0.00
 -999.90      280.78      304.37        0.01        0.00        0.00        0.00
 -999.90      263.05      305.03        0.01        0.00        0.00        0.00
 -999.90      246.18      306.00        0.01        0.00        0.00        0.00
 -999.90      230.15      307.44        0.00        0.00        0.00        0.00
 -999.90      214.95      309.56        0.00        0.00        0.00        0.00
 -999.90      200.59      312.51        0.00        0.00        0.00        0.00
 -999.90      187.07      316.51        0.00        0.00        0.00        0.00
 -999.90      174.39      321.75        0.00        0.00        0.00        0.00
 -999.90      162.55      327.67        0.00        0.00        0.00        0.00
 -999.90      151.54      334.47        0.00        0.00        0.00        0.00
 -999.90      141.30      341.53        0.00        0.00        0.00        0.00
 -999.90      131.77      349.53        0.00        0.00        0.00        0.00
 -999.90      122.90      357.81        0.00        0.00        0.00        0.00
 -999.90      114.65      366.59        0.00        0.00        0.00        0.00
 -999.90      106.96      374.94        0.00        0.00        0.00        0.00
 -999.90       99.80      383.37        0.00        0.00        0.00        0.00
 -999.90       93.12      390.95        0.00        0.00        0.00        0.00
 -999.90       86.86      399.56        0.00        0.00        0.00        0.00
 -999.90       81.01      407.39        0.00        0.00        0.00        0.00
 -999.90       75.55      416.45        0.00        0.00        0.00        0.00
 -999.90       70.41      424.74        0.00        0.00        0.00        0.00
 -999.90       65.54      434.62        0.00        0.00        0.00        0.00
 -999.90       60.88      443.21        0.00        0.00        0.00        0.00
 -999.90       56.36      453.77        0.00        0.00        0.00        0.00
 -999.90       51.88      468.52        0.00        0.00        0.00        0.00
 -999.90       47.33      487.37        0.00        0.00        0.00        0.00
 -999.90       42.57      510.18        0.00        0.00        0.00        0.00
 -999.90       37.56      534.39        0.00        0.00        0.00        0.00
 -999.90       32.53      565.67        0.00        0.00        0.00        0.00
 -999.90       27.91      599.85        0.00        0.00        0.00        0.00
 -999.90       23.88      633.98        0.00        0.00        0.00        0.00
 -999.90       20.44      673.67        0.00        0.00        0.00        0.00
 -999.90       17.54      717.45        0.00        0.00        0.00        0.00
 -999.90       15.10      763.16        0.00        0.00        0.00        0.00
1000.00 64 1008.29
 -999.90     1003.82      287.14        6.80        0.00        0.00        0.00
 -999.90      994.19      287.08        6.36        0.00        0.00        0.00
 -999.90      983.09      287.17        6.25        0.00        0.00        0.00
 -999.90      970.31      287.29        6.11        0.00        0.00        0.00
 -999.90      955.64      287.46        5.95        0.00        0.00        0.00
 -999.90      938.88      287.67        5.73        0.00        0.00        0.00
 -999.90      919.84      287.96        5.44        0.00        0.00        0.00
 -999.90      898.40      288.35        5.08        0.00        0.00        0.00
 -999.90      874.51      288.86        4.69        0.00        0.00        0.00
 -999.90      848.27      289.50        4.29        0.00        0.00        0.00
 -999.90      819.88      290.26        3.86        0.00        0.00        0.00
 -999.90      789.72      291.22        3.38        0.00        0.00        0.00
 -999.90      758.26      292.27        2.85        0.00        0.00        0.00
 -999.90      725.99      293.36        2.36        0.00        0.00        0.00
 -999.90      693.40      294.49        1.89        0.00        0.00        0.00
 -999.90      660.93      295.61        1.48        0.00        0.00        0.00
 -999.90      628.91      296.75        1.12        0.00        0.00        0.00
 -999.90      597.59      297.76        0.83        0.00        0.00        0.00
 -999.90      567.15      298.68        0.62        0.00        0.00        0.00
 -999.90      537.68      299.50        0.45        0.00        0.00        0.00
 -999.90      509.24      300.20        0.33        0.00        0.00        0.00
 -999.90      481.85      300.78        0.24        0.00        0.00        0.00
 -999.90      455.53      301.30        0.18        0.00        0.00        0.00
 -999.90      430.26      301.77        0.13        0.00        0.00        0.00
 -999.90      406.01      302.18        0.09        0.00        0.00        0.00
 -999.90      382.76      302.53        0.07        0.00        0.00        0.00
 -999.90      360.50      302.85        0.05        0.00        0.00        0.00
 -999.90      339.20      303.18        0.04        0.00        0.00        0.00
 -999.90      318.83      303.53        0.03        0.00        0.00        0.00
 -999.90      299.36      303.90        0.02        0.00        0.00        0.00
 -999.90      280.78      304.37        0.01        0.00        0.00        0.00
 -999.90      263.05      305.03        0.01        0.00        0.00        0.00
 -999.90      246.18      306.00        0.01        0.00        0.00        0.00
 -999.90      230.15      307.44        0.00        0.00        0.00        0.00
 -999.90      214.95      309.56        0.00        0.00        0.00        0.00
 -999.90      200.59      312.51        0.00        0.00        0.00        0.00
 -999.90      187.07      316.51        0.00        0.00        0.00        0.00
 -999.90      174.39      321.75        0.00        0.00        0.00        0.00
 -999.90      162.55      327.67        0.00        0.00        0.00        0.00
 -999.90      151.54      334.47        0.00        0.00        0.00        0.00
 -999.90      141.30      341.53        0.00        0.00        0.00        0.00
 -999.90      131.77      349.53        0.00        0.00        0.00        0.00
 -999.90      122.90      357.81        0.00        0.00        0.00        0.00
 -999.90      114.65      366.59        0.00        0.00        0.00        0.00
 -999.90      106.96      374.94        0.00        0.00        0.00        0.00
 -999.90       99.80      383.37        0.00        0.00        0.00        0.00
 -999.90       93.12      390.95        0.00        0.00        0.00        0.00
 -999.90       86.86      399.56        0.00        0.00        0.00        0.00
 -999.90       81.01      407.39        0.00        0.00        0.00        0.00
 -999.90       75.55      416.45        0.00        0.00        0.00        0.00
 -999.90       70.41      424.74        0.00        0.00        0.00        0.00
 -999.90       65.54      434.62        0.00        0.00        0.00        0.00
 -999.90       60.88      443.21        0.00        0.00        0.00        0.00
 -999.90       56.36      453.77        0.00        0.00        0.00        0.00
 -999.90       51.88      468.52        0.00        0.00        0.00        0.00
 -999.90       47.33      487.37        0.00        0.00        0.00        0.00
 -999.90       42.57      510.18        0.00        0.00        0.00        0.00
 -999.90       37.56      534.39        0.00        0.00        0.00        0.00
 -999.90       32.53      565.67        0.00        0.00        0.00        0.00
 -999.90       27.91      599.85        0.00        0.00        0.00        0.00
 -999.90       23.88      633.98        0.00        0.00        0.00        0.00
 -999.90       20.44      673.67        0.00        0.00        0.00        0.00
 -999.90       17.54      717.45        0.00        0.00        0.00        0.00
 -999.90       15.10      763.16        0.00        0.00        0.00        0.00

