z[m] p[mb] tpls[K/s] qls[kg/kg/s] uls vls wls
0.00 64 1008.29
 -999.90     1004.28      314.17       40.84        0.00        0.00        0.00
 -999.90      995.66      314.31       39.59        0.00        0.00        0.00
 -999.90      985.70      314.53       39.31        0.00        0.00        0.00
 -999.90      974.22      314.83       38.80        0.00        0.00        0.00
 -999.90      961.04      315.27       38.07        0.00        0.00        0.00
 -999.90      945.96      315.89       36.97        0.00        0.00        0.00
 -999.90      928.82      316.72       35.62        0.00        0.00        0.00
 -999.90      909.51      317.66       34.37        0.00        0.00        0.00
 -999.90      887.97      318.74       33.05        0.00        0.00        0.00
 -999.90      864.28      319.96       31.61        0.00        0.00        0.00
 -999.90      838.62      321.35       30.06        0.00        0.00        0.00
 -999.90      811.29      322.93       28.39        0.00        0.00        0.00
 -999.90      782.71      324.72       26.67        0.00        0.00        0.00
 -999.90      753.34      326.74       24.96        0.00        0.00        0.00
 -999.90      723.63      328.84       23.28        0.00        0.00        0.00
 -999.90      693.95      331.00       21.68        0.00        0.00        0.00
 -999.90      664.64      333.24       20.09        0.00        0.00        0.00
 -999.90      635.92      335.48       18.52        0.00        0.00        0.00
 -999.90      607.92      337.82       17.14        0.00        0.00        0.00
 -999.90      580.76      340.45       15.73        0.00        0.00        0.00
 -999.90      554.51      343.01       14.41        0.00        0.00        0.00
 -999.90      529.20      345.52       13.18        0.00        0.00        0.00
 -999.90      504.81      347.86       12.04        0.00        0.00        0.00
 -999.90      481.34      350.15       11.07        0.00        0.00        0.00
 -999.90      458.78      352.38       10.23        0.00        0.00        0.00
 -999.90      437.11      354.76        9.40        0.00        0.00        0.00
 -999.90      416.30      357.32        8.60        0.00        0.00        0.00
 -999.90      396.34      360.00        7.76        0.00        0.00        0.00
 -999.90      377.19      362.69        6.99        0.00        0.00        0.00
 -999.90      358.84      365.35        6.25        0.00        0.00        0.00
 -999.90      341.25      368.07        5.56        0.00        0.00        0.00
 -999.90      324.40      370.84        4.96        0.00        0.00        0.00
 -999.90      308.29      373.63        4.47        0.00        0.00        0.00
 -999.90      292.87      376.33        3.99        0.00        0.00        0.00
 -999.90      278.13      379.11        3.48        0.00        0.00        0.00
 -999.90      264.02      381.88        2.99        0.00        0.00        0.00
 -999.90      250.52      384.81        2.55        0.00        0.00        0.00
 -999.90      237.62      387.70        2.14        0.00        0.00        0.00
 -999.90      225.30      390.48        1.80        0.00        0.00        0.00
 -999.90      213.52      393.07        1.53        0.00        0.00        0.00
 -999.90      202.25      395.63        1.30        0.00        0.00        0.00
 -999.90      191.48      398.10        1.11        0.00        0.00        0.00
 -999.90      181.18      400.41        0.93        0.00        0.00        0.00
 -999.90      171.34      402.65        0.78        0.00        0.00        0.00
 -999.90      161.92      404.88        0.65        0.00        0.00        0.00
 -999.90      152.91      407.11        0.53        0.00        0.00        0.00
 -999.90      144.30      409.34        0.43        0.00        0.00        0.00
 -999.90      136.07      411.50        0.35        0.00        0.00        0.00
 -999.90      128.20      413.70        0.28        0.00        0.00        0.00
 -999.90      120.67      416.15        0.22        0.00        0.00        0.00
 -999.90      113.45      418.53        0.19        0.00        0.00        0.00
 -999.90      106.48      421.53        0.15        0.00        0.00        0.00
 -999.90       99.69      424.72        0.12        0.00        0.00        0.00
 -999.90       92.97      429.16        0.09        0.00        0.00        0.00
 -999.90       86.16      434.71        0.07        0.00        0.00        0.00
 -999.90       79.04      441.83        0.06        0.00        0.00        0.00
 -999.90       71.39      450.81        0.04        0.00        0.00        0.00
 -999.90       63.12      463.21        0.03        0.00        0.00        0.00
 -999.90       54.62      482.98        0.02        0.00        0.00        0.00
 -999.90       46.75      519.21        0.01        0.00        0.00        0.00
 -999.90       40.08      562.41        0.00        0.00        0.00        0.00
 -999.90       34.53      599.42        0.00        0.00        0.00        0.00
 -999.90       29.81      640.64        0.00        0.00        0.00        0.00
 -999.90       25.76      684.09        0.00        0.00        0.00        0.00
1000.00 64 1008.29
 -999.90     1004.28      314.17       40.84        0.00        0.00        0.00
 -999.90      995.66      314.31       39.59        0.00        0.00        0.00
 -999.90      985.70      314.53       39.31        0.00        0.00        0.00
 -999.90      974.22      314.83       38.80        0.00        0.00        0.00
 -999.90      961.04      315.27       38.07        0.00        0.00        0.00
 -999.90      945.96      315.89       36.97        0.00        0.00        0.00
 -999.90      928.82      316.72       35.62        0.00        0.00        0.00
 -999.90      909.51      317.66       34.37        0.00        0.00        0.00
 -999.90      887.97      318.74       33.05        0.00        0.00        0.00
 -999.90      864.28      319.96       31.61        0.00        0.00        0.00
 -999.90      838.62      321.35       30.06        0.00        0.00        0.00
 -999.90      811.29      322.93       28.39        0.00        0.00        0.00
 -999.90      782.71      324.72       26.67        0.00        0.00        0.00
 -999.90      753.34      326.74       24.96        0.00        0.00        0.00
 -999.90      723.63      328.84       23.28        0.00        0.00        0.00
 -999.90      693.95      331.00       21.68        0.00        0.00        0.00
 -999.90      664.64      333.24       20.09        0.00        0.00        0.00
 -999.90      635.92      335.48       18.52        0.00        0.00        0.00
 -999.90      607.92      337.82       17.14        0.00        0.00        0.00
 -999.90      580.76      340.45       15.73        0.00        0.00        0.00
 -999.90      554.51      343.01       14.41        0.00        0.00        0.00
 -999.90      529.20      345.52       13.18        0.00        0.00        0.00
 -999.90      504.81      347.86       12.04        0.00        0.00        0.00
 -999.90      481.34      350.15       11.07        0.00        0.00        0.00
 -999.90      458.78      352.38       10.23        0.00        0.00        0.00
 -999.90      437.11      354.76        9.40        0.00        0.00        0.00
 -999.90      416.30      357.32        8.60        0.00        0.00        0.00
 -999.90      396.34      360.00        7.76        0.00        0.00        0.00
 -999.90      377.19      362.69        6.99        0.00        0.00        0.00
 -999.90      358.84      365.35        6.25        0.00        0.00        0.00
 -999.90      341.25      368.07        5.56        0.00        0.00        0.00
 -999.90      324.40      370.84        4.96        0.00        0.00        0.00
 -999.90      308.29      373.63        4.47        0.00        0.00        0.00
 -999.90      292.87      376.33        3.99        0.00        0.00        0.00
 -999.90      278.13      379.11        3.48        0.00        0.00        0.00
 -999.90      264.02      381.88        2.99        0.00        0.00        0.00
 -999.90      250.52      384.81        2.55        0.00        0.00        0.00
 -999.90      237.62      387.70        2.14        0.00        0.00        0.00
 -999.90      225.30      390.48        1.80        0.00        0.00        0.00
 -999.90      213.52      393.07        1.53        0.00        0.00        0.00
 -999.90      202.25      395.63        1.30        0.00        0.00        0.00
 -999.90      191.48      398.10        1.11        0.00        0.00        0.00
 -999.90      181.18      400.41        0.93        0.00        0.00        0.00
 -999.90      171.34      402.65        0.78        0.00        0.00        0.00
 -999.90      161.92      404.88        0.65        0.00        0.00        0.00
 -999.90      152.91      407.11        0.53        0.00        0.00        0.00
 -999.90      144.30      409.34        0.43        0.00        0.00        0.00
 -999.90      136.07      411.50        0.35        0.00        0.00        0.00
 -999.90      128.20      413.70        0.28        0.00        0.00        0.00
 -999.90      120.67      416.15        0.22        0.00        0.00        0.00
 -999.90      113.45      418.53        0.19        0.00        0.00        0.00
 -999.90      106.48      421.53        0.15        0.00        0.00        0.00
 -999.90       99.69      424.72        0.12        0.00        0.00        0.00
 -999.90       92.97      429.16        0.09        0.00        0.00        0.00
 -999.90       86.16      434.71        0.07        0.00        0.00        0.00
 -999.90       79.04      441.83        0.06        0.00        0.00        0.00
 -999.90       71.39      450.81        0.04        0.00        0.00        0.00
 -999.90       63.12      463.21        0.03        0.00        0.00        0.00
 -999.90       54.62      482.98        0.02        0.00        0.00        0.00
 -999.90       46.75      519.21        0.01        0.00        0.00        0.00
 -999.90       40.08      562.41        0.00        0.00        0.00        0.00
 -999.90       34.53      599.42        0.00        0.00        0.00        0.00
 -999.90       29.81      640.64        0.00        0.00        0.00        0.00
 -999.90       25.76      684.09        0.00        0.00        0.00        0.00

