z[m] p[mb] tpls[K] qls[g/kg] uls vls wls
0.00 80 1008.29
 -999.90     1002.35      289.42       10.63        0.00        0.00        0.00
 -999.90      996.44      289.35       10.24        0.00        0.00        0.00
 -999.90      990.55      289.46       10.07        0.00        0.00        0.00
 -999.90      984.68      289.56        9.96        0.00        0.00        0.00
 -999.90      978.85      289.73        9.83        0.00        0.00        0.00
 -999.90      973.06      289.97        9.63        0.00        0.00        0.00
 -999.90      967.31      290.39        9.29        0.00        0.00        0.00
 -999.90      961.60      291.02        8.75        0.00        0.00        0.00
 -999.90      955.93      291.77        8.07        0.00        0.00        0.00
 -999.90      950.30      292.53        7.36        0.00        0.00        0.00
 -999.90      944.70      293.23        6.71        0.00        0.00        0.00
 -999.90      939.14      293.84        6.18        0.00        0.00        0.00
 -999.90      933.61      294.35        5.78        0.00        0.00        0.00
 -999.90      928.11      294.79        5.49        0.00        0.00        0.00
 -999.90      922.64      295.16        5.28        0.00        0.00        0.00
 -999.90      917.20      295.48        5.15        0.00        0.00        0.00
 -999.90      911.79      295.75        5.06        0.00        0.00        0.00
 -999.90      906.41      295.99        5.00        0.00        0.00        0.00
 -999.90      901.05      296.22        4.94        0.00        0.00        0.00
 -999.90      895.71      296.42        4.90        0.00        0.00        0.00
 -999.90      890.41      296.62        4.85        0.00        0.00        0.00
 -999.90      876.87      297.06        4.75        0.00        0.00        0.00
 -999.90      855.41      297.87        4.52        0.00        0.00        0.00
 -999.90      826.54      299.12        4.03        0.00        0.00        0.00
 -999.90      790.92      300.84        3.22        0.00        0.00        0.00
 -999.90      749.36      302.93        2.45        0.00        0.00        0.00
 -999.90      702.76      305.18        1.88        0.00        0.00        0.00
 -999.90      652.11      307.99        1.38        0.00        0.00        0.00
 -999.90      604.52      310.58        1.01        0.00        0.00        0.00
 -999.90      559.80      313.12        0.75        0.00        0.00        0.00
 -999.90      517.85      315.57        0.55        0.00        0.00        0.00
 -999.90      478.51      317.82        0.41        0.00        0.00        0.00
 -999.90      441.56      319.90        0.29        0.00        0.00        0.00
 -999.90      406.85      321.49        0.20        0.00        0.00        0.00
 -999.90      374.26      322.72        0.14        0.00        0.00        0.00
 -999.90      343.66      323.70        0.10        0.00        0.00        0.00
 -999.90      314.97      324.51        0.08        0.00        0.00        0.00
 -999.90      288.10      325.26        0.06        0.00        0.00        0.00
 -999.90      262.96      325.97        0.04        0.00        0.00        0.00
 -999.90      239.48      326.68        0.03        0.00        0.00        0.00
 -999.90      217.59      327.57        0.02        0.00        0.00        0.00
 -999.90      197.26      329.23        0.01        0.00        0.00        0.00
 -999.90      178.43      331.91        0.00        0.00        0.00        0.00
 -999.90      161.11      338.38        0.00        0.00        0.00        0.00
 -999.90      145.37      347.58        0.00        0.00        0.00        0.00
 -999.90      131.22      357.06        0.00        0.00        0.00        0.00
 -999.90      118.46      367.41        0.00        0.00        0.00        0.00
 -999.90      106.93      378.92        0.00        0.00        0.00        0.00
 -999.90       96.52      391.16        0.00        0.00        0.00        0.00
 -999.90       87.16      404.67        0.00        0.00        0.00        0.00
 -999.90       78.76      419.23        0.00        0.00        0.00        0.00
 -999.90       71.23      434.45        0.00        0.00        0.00        0.00
 -999.90       64.45      450.57        0.00        0.00        0.00        0.00
 -999.90       58.37      467.99        0.00        0.00        0.00        0.00
 -999.90       52.92      486.77        0.00        0.00        0.00        0.00
 -999.90       48.03      506.92        0.00        0.00        0.00        0.00
 -999.90       43.64      524.72        0.00        0.00        0.00        0.00
 -999.90       39.68      544.48        0.00        0.00        0.00        0.00
 -999.90       36.10      560.83        0.00        0.00        0.00        0.00
 -999.90       32.86      580.44        0.00        0.00        0.00        0.00
 -999.90       29.92      596.25        0.00        0.00        0.00        0.00
 -999.90       27.25      616.30        0.00        0.00        0.00        0.00
 -999.90       24.84      638.60        0.00        0.00        0.00        0.00
 -999.90       22.65      659.17        0.00        0.00        0.00        0.00
 -999.90       20.67      679.15        0.00        0.00        0.00        0.00
 -999.90       18.87      698.04        0.00        0.00        0.00        0.00
 -999.90       17.23      716.49        0.00        0.00        0.00        0.00
 -999.90       15.73      738.81        0.00        0.00        0.00        0.00
 -999.90       14.36      759.11        0.00        0.00        0.00        0.00
 -999.90       13.12      785.87        0.00        0.00        0.00        0.00
 -999.90       12.00      810.90        0.00        0.00        0.00        0.00
 -999.90       10.97      834.13        0.00        0.00        0.00        0.00
 -999.90       10.04      857.23        0.00        0.00        0.00        0.00
 -999.90        9.18      880.41        0.00        0.00        0.00        0.00
 -999.90        8.40      903.10        0.00        0.00        0.00        0.00
 -999.90        7.69      926.66        0.00        0.00        0.00        0.00
 -999.90        7.04      954.76        0.00        0.00        0.00        0.00
 -999.90        6.44      982.17        0.00        0.00        0.00        0.00
 -999.90        5.90     1009.88        0.00        0.00        0.00        0.00
 -999.90        5.40     1038.30        0.00        0.00        0.00        0.00
1000.00 80 1008.29
 -999.90     1002.35      289.42       10.63        0.00        0.00        0.00
 -999.90      996.44      289.35       10.24        0.00        0.00        0.00
 -999.90      990.55      289.46       10.07        0.00        0.00        0.00
 -999.90      984.68      289.56        9.96        0.00        0.00        0.00
 -999.90      978.85      289.73        9.83        0.00        0.00        0.00
 -999.90      973.06      289.97        9.63        0.00        0.00        0.00
 -999.90      967.31      290.39        9.29        0.00        0.00        0.00
 -999.90      961.60      291.02        8.75        0.00        0.00        0.00
 -999.90      955.93      291.77        8.07        0.00        0.00        0.00
 -999.90      950.30      292.53        7.36        0.00        0.00        0.00
 -999.90      944.70      293.23        6.71        0.00        0.00        0.00
 -999.90      939.14      293.84        6.18        0.00        0.00        0.00
 -999.90      933.61      294.35        5.78        0.00        0.00        0.00
 -999.90      928.11      294.79        5.49        0.00        0.00        0.00
 -999.90      922.64      295.16        5.28        0.00        0.00        0.00
 -999.90      917.20      295.48        5.15        0.00        0.00        0.00
 -999.90      911.79      295.75        5.06        0.00        0.00        0.00
 -999.90      906.41      295.99        5.00        0.00        0.00        0.00
 -999.90      901.05      296.22        4.94        0.00        0.00        0.00
 -999.90      895.71      296.42        4.90        0.00        0.00        0.00
 -999.90      890.41      296.62        4.85        0.00        0.00        0.00
 -999.90      876.87      297.06        4.75        0.00        0.00        0.00
 -999.90      855.41      297.87        4.52        0.00        0.00        0.00
 -999.90      826.54      299.12        4.03        0.00        0.00        0.00
 -999.90      790.92      300.84        3.22        0.00        0.00        0.00
 -999.90      749.36      302.93        2.45        0.00        0.00        0.00
 -999.90      702.76      305.18        1.88        0.00        0.00        0.00
 -999.90      652.11      307.99        1.38        0.00        0.00        0.00
 -999.90      604.52      310.58        1.01        0.00        0.00        0.00
 -999.90      559.80      313.12        0.75        0.00        0.00        0.00
 -999.90      517.85      315.57        0.55        0.00        0.00        0.00
 -999.90      478.51      317.82        0.41        0.00        0.00        0.00
 -999.90      441.56      319.90        0.29        0.00        0.00        0.00
 -999.90      406.85      321.49        0.20        0.00        0.00        0.00
 -999.90      374.26      322.72        0.14        0.00        0.00        0.00
 -999.90      343.66      323.70        0.10        0.00        0.00        0.00
 -999.90      314.97      324.51        0.08        0.00        0.00        0.00
 -999.90      288.10      325.26        0.06        0.00        0.00        0.00
 -999.90      262.96      325.97        0.04        0.00        0.00        0.00
 -999.90      239.48      326.68        0.03        0.00        0.00        0.00
 -999.90      217.59      327.57        0.02        0.00        0.00        0.00
 -999.90      197.26      329.23        0.01        0.00        0.00        0.00
 -999.90      178.43      331.91        0.00        0.00        0.00        0.00
 -999.90      161.11      338.38        0.00        0.00        0.00        0.00
 -999.90      145.37      347.58        0.00        0.00        0.00        0.00
 -999.90      131.22      357.06        0.00        0.00        0.00        0.00
 -999.90      118.46      367.41        0.00        0.00        0.00        0.00
 -999.90      106.93      378.92        0.00        0.00        0.00        0.00
 -999.90       96.52      391.16        0.00        0.00        0.00        0.00
 -999.90       87.16      404.67        0.00        0.00        0.00        0.00
 -999.90       78.76      419.23        0.00        0.00        0.00        0.00
 -999.90       71.23      434.45        0.00        0.00        0.00        0.00
 -999.90       64.45      450.57        0.00        0.00        0.00        0.00
 -999.90       58.37      467.99        0.00        0.00        0.00        0.00
 -999.90       52.92      486.77        0.00        0.00        0.00        0.00
 -999.90       48.03      506.92        0.00        0.00        0.00        0.00
 -999.90       43.64      524.72        0.00        0.00        0.00        0.00
 -999.90       39.68      544.48        0.00        0.00        0.00        0.00
 -999.90       36.10      560.83        0.00        0.00        0.00        0.00
 -999.90       32.86      580.44        0.00        0.00        0.00        0.00
 -999.90       29.92      596.25        0.00        0.00        0.00        0.00
 -999.90       27.25      616.30        0.00        0.00        0.00        0.00
 -999.90       24.84      638.60        0.00        0.00        0.00        0.00
 -999.90       22.65      659.17        0.00        0.00        0.00        0.00
 -999.90       20.67      679.15        0.00        0.00        0.00        0.00
 -999.90       18.87      698.04        0.00        0.00        0.00        0.00
 -999.90       17.23      716.49        0.00        0.00        0.00        0.00
 -999.90       15.73      738.81        0.00        0.00        0.00        0.00
 -999.90       14.36      759.11        0.00        0.00        0.00        0.00
 -999.90       13.12      785.87        0.00        0.00        0.00        0.00
 -999.90       12.00      810.90        0.00        0.00        0.00        0.00
 -999.90       10.97      834.13        0.00        0.00        0.00        0.00
 -999.90       10.04      857.23        0.00        0.00        0.00        0.00
 -999.90        9.18      880.41        0.00        0.00        0.00        0.00
 -999.90        8.40      903.10        0.00        0.00        0.00        0.00
 -999.90        7.69      926.66        0.00        0.00        0.00        0.00
 -999.90        7.04      954.76        0.00        0.00        0.00        0.00
 -999.90        6.44      982.17        0.00        0.00        0.00        0.00
 -999.90        5.90     1009.88        0.00        0.00        0.00        0.00
 -999.90        5.40     1038.30        0.00        0.00        0.00        0.00

