z[m] p[mb] tpls[K/s] qls[kg/kg/s] uls vls wls
0.00 64 1008.29
 -999.90     1004.07      302.91       20.13        0.00        0.00        0.00
 -999.90      994.99      302.94       19.31        0.00        0.00        0.00
 -999.90      984.51      303.09       19.12        0.00        0.00        0.00
 -999.90      972.46      303.27       18.83        0.00        0.00        0.00
 -999.90      958.63      303.52       18.45        0.00        0.00        0.00
 -999.90      942.83      303.87       17.88        0.00        0.00        0.00
 -999.90      924.88      304.38       17.11        0.00        0.00        0.00
 -999.90      904.65      305.13       16.19        0.00        0.00        0.00
 -999.90      882.12      306.10       15.20        0.00        0.00        0.00
 -999.90      857.36      307.24       14.19        0.00        0.00        0.00
 -999.90      830.56      308.48       13.20        0.00        0.00        0.00
 -999.90      802.06      309.85       12.21        0.00        0.00        0.00
 -999.90      772.31      311.42       11.16        0.00        0.00        0.00
 -999.90      741.78      313.06       10.12        0.00        0.00        0.00
 -999.90      710.91      314.80        9.06        0.00        0.00        0.00
 -999.90      680.12      316.57        8.04        0.00        0.00        0.00
 -999.90      649.73      318.17        7.21        0.00        0.00        0.00
 -999.90      619.98      319.78        6.44        0.00        0.00        0.00
 -999.90      591.00      321.58        5.68        0.00        0.00        0.00
 -999.90      562.93      323.47        4.89        0.00        0.00        0.00
 -999.90      535.81      325.47        4.10        0.00        0.00        0.00
 -999.90      509.69      327.43        3.38        0.00        0.00        0.00
 -999.90      484.56      329.27        2.81        0.00        0.00        0.00
 -999.90      460.43      331.06        2.34        0.00        0.00        0.00
 -999.90      437.27      332.97        1.89        0.00        0.00        0.00
 -999.90      415.07      334.76        1.53        0.00        0.00        0.00
 -999.90      393.78      336.48        1.22        0.00        0.00        0.00
 -999.90      373.36      338.19        0.98        0.00        0.00        0.00
 -999.90      353.79      339.78        0.78        0.00        0.00        0.00
 -999.90      335.04      341.18        0.62        0.00        0.00        0.00
 -999.90      317.08      342.45        0.50        0.00        0.00        0.00
 -999.90      299.88      343.67        0.39        0.00        0.00        0.00
 -999.90      283.42      344.82        0.30        0.00        0.00        0.00
 -999.90      267.67      345.89        0.23        0.00        0.00        0.00
 -999.90      252.59      346.85        0.18        0.00        0.00        0.00
 -999.90      238.16      347.70        0.14        0.00        0.00        0.00
 -999.90      224.37      348.53        0.10        0.00        0.00        0.00
 -999.90      211.20      349.48        0.08        0.00        0.00        0.00
 -999.90      198.63      350.51        0.06        0.00        0.00        0.00
 -999.90      186.64      351.71        0.04        0.00        0.00        0.00
 -999.90      175.21      353.25        0.03        0.00        0.00        0.00
 -999.90      164.34      355.21        0.02        0.00        0.00        0.00
 -999.90      154.01      357.46        0.02        0.00        0.00        0.00
 -999.90      144.21      360.29        0.01        0.00        0.00        0.00
 -999.90      134.92      363.53        0.01        0.00        0.00        0.00
 -999.90      126.14      367.41        0.01        0.00        0.00        0.00
 -999.90      117.85      371.55        0.01        0.00        0.00        0.00
 -999.90      110.05      376.69        0.01        0.00        0.00        0.00
 -999.90      102.71      382.48        0.01        0.00        0.00        0.00
 -999.90       95.81      389.90        0.01        0.00        0.00        0.00
 -999.90       89.31      397.99        0.01        0.00        0.00        0.00
 -999.90       83.17      408.20        0.01        0.00        0.00        0.00
 -999.90       77.31      418.10        0.01        0.00        0.00        0.00
 -999.90       71.62      430.60        0.01        0.00        0.00        0.00
 -999.90       66.01      445.60        0.01        0.00        0.00        0.00
 -999.90       60.33      462.79        0.00        0.00        0.00        0.00
 -999.90       54.38      484.15        0.00        0.00        0.00        0.00
 -999.90       48.12      508.46        0.00        0.00        0.00        0.00
 -999.90       41.83      537.53        0.00        0.00        0.00        0.00
 -999.90       36.03      571.56        0.00        0.00        0.00        0.00
 -999.90       30.97      603.90        0.00        0.00        0.00        0.00
 -999.90       26.64      642.87        0.00        0.00        0.00        0.00
 -999.90       22.96      682.99        0.00        0.00        0.00        0.00
 -999.90       19.85      724.79        0.00        0.00        0.00        0.00
1000.00 64 1008.29
 -999.90     1004.07      302.91       20.13        0.00        0.00        0.00
 -999.90      994.99      302.94       19.31        0.00        0.00        0.00
 -999.90      984.51      303.09       19.12        0.00        0.00        0.00
 -999.90      972.46      303.27       18.83        0.00        0.00        0.00
 -999.90      958.63      303.52       18.45        0.00        0.00        0.00
 -999.90      942.83      303.87       17.88        0.00        0.00        0.00
 -999.90      924.88      304.38       17.11        0.00        0.00        0.00
 -999.90      904.65      305.13       16.19        0.00        0.00        0.00
 -999.90      882.12      306.10       15.20        0.00        0.00        0.00
 -999.90      857.36      307.24       14.19        0.00        0.00        0.00
 -999.90      830.56      308.48       13.20        0.00        0.00        0.00
 -999.90      802.06      309.85       12.21        0.00        0.00        0.00
 -999.90      772.31      311.42       11.16        0.00        0.00        0.00
 -999.90      741.78      313.06       10.12        0.00        0.00        0.00
 -999.90      710.91      314.80        9.06        0.00        0.00        0.00
 -999.90      680.12      316.57        8.04        0.00        0.00        0.00
 -999.90      649.73      318.17        7.21        0.00        0.00        0.00
 -999.90      619.98      319.78        6.44        0.00        0.00        0.00
 -999.90      591.00      321.58        5.68        0.00        0.00        0.00
 -999.90      562.93      323.47        4.89        0.00        0.00        0.00
 -999.90      535.81      325.47        4.10        0.00        0.00        0.00
 -999.90      509.69      327.43        3.38        0.00        0.00        0.00
 -999.90      484.56      329.27        2.81        0.00        0.00        0.00
 -999.90      460.43      331.06        2.34        0.00        0.00        0.00
 -999.90      437.27      332.97        1.89        0.00        0.00        0.00
 -999.90      415.07      334.76        1.53        0.00        0.00        0.00
 -999.90      393.78      336.48        1.22        0.00        0.00        0.00
 -999.90      373.36      338.19        0.98        0.00        0.00        0.00
 -999.90      353.79      339.78        0.78        0.00        0.00        0.00
 -999.90      335.04      341.18        0.62        0.00        0.00        0.00
 -999.90      317.08      342.45        0.50        0.00        0.00        0.00
 -999.90      299.88      343.67        0.39        0.00        0.00        0.00
 -999.90      283.42      344.82        0.30        0.00        0.00        0.00
 -999.90      267.67      345.89        0.23        0.00        0.00        0.00
 -999.90      252.59      346.85        0.18        0.00        0.00        0.00
 -999.90      238.16      347.70        0.14        0.00        0.00        0.00
 -999.90      224.37      348.53        0.10        0.00        0.00        0.00
 -999.90      211.20      349.48        0.08        0.00        0.00        0.00
 -999.90      198.63      350.51        0.06        0.00        0.00        0.00
 -999.90      186.64      351.71        0.04        0.00        0.00        0.00
 -999.90      175.21      353.25        0.03        0.00        0.00        0.00
 -999.90      164.34      355.21        0.02        0.00        0.00        0.00
 -999.90      154.01      357.46        0.02        0.00        0.00        0.00
 -999.90      144.21      360.29        0.01        0.00        0.00        0.00
 -999.90      134.92      363.53        0.01        0.00        0.00        0.00
 -999.90      126.14      367.41        0.01        0.00        0.00        0.00
 -999.90      117.85      371.55        0.01        0.00        0.00        0.00
 -999.90      110.05      376.69        0.01        0.00        0.00        0.00
 -999.90      102.71      382.48        0.01        0.00        0.00        0.00
 -999.90       95.81      389.90        0.01        0.00        0.00        0.00
 -999.90       89.31      397.99        0.01        0.00        0.00        0.00
 -999.90       83.17      408.20        0.01        0.00        0.00        0.00
 -999.90       77.31      418.10        0.01        0.00        0.00        0.00
 -999.90       71.62      430.60        0.01        0.00        0.00        0.00
 -999.90       66.01      445.60        0.01        0.00        0.00        0.00
 -999.90       60.33      462.79        0.00        0.00        0.00        0.00
 -999.90       54.38      484.15        0.00        0.00        0.00        0.00
 -999.90       48.12      508.46        0.00        0.00        0.00        0.00
 -999.90       41.83      537.53        0.00        0.00        0.00        0.00
 -999.90       36.03      571.56        0.00        0.00        0.00        0.00
 -999.90       30.97      603.90        0.00        0.00        0.00        0.00
 -999.90       26.64      642.87        0.00        0.00        0.00        0.00
 -999.90       22.96      682.99        0.00        0.00        0.00        0.00
 -999.90       19.85      724.79        0.00        0.00        0.00        0.00

