z[m] p[mb] tpls[K/s] qls[kg/kg/s] uls vls wls
0.00 64 1008.29
 -999.90     1004.16      308.58       28.78        0.00        0.00        0.00
 -999.90      995.29      308.66       27.74        0.00        0.00        0.00
 -999.90      985.06      308.84       27.54        0.00        0.00        0.00
 -999.90      973.28      309.06       27.21        0.00        0.00        0.00
 -999.90      959.77      309.35       26.75        0.00        0.00        0.00
 -999.90      944.33      309.76       26.02        0.00        0.00        0.00
 -999.90      926.80      310.38       24.94        0.00        0.00        0.00
 -999.90      907.05      311.24       23.75        0.00        0.00        0.00
 -999.90      885.05      312.22       22.63        0.00        0.00        0.00
 -999.90      860.86      313.34       21.50        0.00        0.00        0.00
 -999.90      834.68      314.74       20.19        0.00        0.00        0.00
 -999.90      806.83      316.36       18.76        0.00        0.00        0.00
 -999.90      777.72      318.11       17.32        0.00        0.00        0.00
 -999.90      747.84      319.89       15.94        0.00        0.00        0.00
 -999.90      717.63      321.74       14.67        0.00        0.00        0.00
 -999.90      687.49      323.74       13.46        0.00        0.00        0.00
 -999.90      657.71      325.90       12.14        0.00        0.00        0.00
 -999.90      628.53      328.05       10.87        0.00        0.00        0.00
 -999.90      600.11      330.16        9.68        0.00        0.00        0.00
 -999.90      572.56      332.19        8.64        0.00        0.00        0.00
 -999.90      545.92      334.16        7.68        0.00        0.00        0.00
 -999.90      520.22      336.20        6.77        0.00        0.00        0.00
 -999.90      495.46      338.32        6.01        0.00        0.00        0.00
 -999.90      471.66      340.54        5.29        0.00        0.00        0.00
 -999.90      448.81      342.69        4.67        0.00        0.00        0.00
 -999.90      426.90      344.92        4.03        0.00        0.00        0.00
 -999.90      405.88      347.26        3.46        0.00        0.00        0.00
 -999.90      385.73      349.49        2.98        0.00        0.00        0.00
 -999.90      366.42      351.89        2.55        0.00        0.00        0.00
 -999.90      347.92      354.32        2.16        0.00        0.00        0.00
 -999.90      330.20      356.68        1.85        0.00        0.00        0.00
 -999.90      313.23      358.94        1.55        0.00        0.00        0.00
 -999.90      296.98      361.17        1.31        0.00        0.00        0.00
 -999.90      281.43      363.42        1.07        0.00        0.00        0.00
 -999.90      266.54      365.47        0.89        0.00        0.00        0.00
 -999.90      252.29      367.44        0.72        0.00        0.00        0.00
 -999.90      238.65      369.24        0.59        0.00        0.00        0.00
 -999.90      225.59      370.92        0.49        0.00        0.00        0.00
 -999.90      213.09      372.62        0.40        0.00        0.00        0.00
 -999.90      201.14      374.26        0.32        0.00        0.00        0.00
 -999.90      189.72      375.80        0.26        0.00        0.00        0.00
 -999.90      178.80      377.33        0.20        0.00        0.00        0.00
 -999.90      168.37      378.90        0.16        0.00        0.00        0.00
 -999.90      158.42      380.68        0.12        0.00        0.00        0.00
 -999.90      148.93      382.58        0.10        0.00        0.00        0.00
 -999.90      139.90      384.80        0.07        0.00        0.00        0.00
 -999.90      131.29      387.54        0.06        0.00        0.00        0.00
 -999.90      123.10      390.68        0.04        0.00        0.00        0.00
 -999.90      115.32      394.04        0.03        0.00        0.00        0.00
 -999.90      107.91      398.12        0.03        0.00        0.00        0.00
 -999.90      100.85      402.51        0.02        0.00        0.00        0.00
 -999.90       94.09      407.90        0.02        0.00        0.00        0.00
 -999.90       87.58      413.16        0.02        0.00        0.00        0.00
 -999.90       81.21      420.70        0.02        0.00        0.00        0.00
 -999.90       74.86      430.29        0.01        0.00        0.00        0.00
 -999.90       68.36      442.77        0.01        0.00        0.00        0.00
 -999.90       61.53      459.13        0.01        0.00        0.00        0.00
 -999.90       54.35      481.72        0.01        0.00        0.00        0.00
 -999.90       47.16      511.95        0.01        0.00        0.00        0.00
 -999.90       40.56      548.68        0.01        0.00        0.00        0.00
 -999.90       34.87      584.33        0.00        0.00        0.00        0.00
 -999.90       30.03      624.65        0.00        0.00        0.00        0.00
 -999.90       25.90      663.54        0.00        0.00        0.00        0.00
 -999.90       22.39      704.19        0.00        0.00        0.00        0.00
1000.00 64 1008.29
 -999.90     1004.16      308.58       28.78        0.00        0.00        0.00
 -999.90      995.29      308.66       27.74        0.00        0.00        0.00
 -999.90      985.06      308.84       27.54        0.00        0.00        0.00
 -999.90      973.28      309.06       27.21        0.00        0.00        0.00
 -999.90      959.77      309.35       26.75        0.00        0.00        0.00
 -999.90      944.33      309.76       26.02        0.00        0.00        0.00
 -999.90      926.80      310.38       24.94        0.00        0.00        0.00
 -999.90      907.05      311.24       23.75        0.00        0.00        0.00
 -999.90      885.05      312.22       22.63        0.00        0.00        0.00
 -999.90      860.86      313.34       21.50        0.00        0.00        0.00
 -999.90      834.68      314.74       20.19        0.00        0.00        0.00
 -999.90      806.83      316.36       18.76        0.00        0.00        0.00
 -999.90      777.72      318.11       17.32        0.00        0.00        0.00
 -999.90      747.84      319.89       15.94        0.00        0.00        0.00
 -999.90      717.63      321.74       14.67        0.00        0.00        0.00
 -999.90      687.49      323.74       13.46        0.00        0.00        0.00
 -999.90      657.71      325.90       12.14        0.00        0.00        0.00
 -999.90      628.53      328.05       10.87        0.00        0.00        0.00
 -999.90      600.11      330.16        9.68        0.00        0.00        0.00
 -999.90      572.56      332.19        8.64        0.00        0.00        0.00
 -999.90      545.92      334.16        7.68        0.00        0.00        0.00
 -999.90      520.22      336.20        6.77        0.00        0.00        0.00
 -999.90      495.46      338.32        6.01        0.00        0.00        0.00
 -999.90      471.66      340.54        5.29        0.00        0.00        0.00
 -999.90      448.81      342.69        4.67        0.00        0.00        0.00
 -999.90      426.90      344.92        4.03        0.00        0.00        0.00
 -999.90      405.88      347.26        3.46        0.00        0.00        0.00
 -999.90      385.73      349.49        2.98        0.00        0.00        0.00
 -999.90      366.42      351.89        2.55        0.00        0.00        0.00
 -999.90      347.92      354.32        2.16        0.00        0.00        0.00
 -999.90      330.20      356.68        1.85        0.00        0.00        0.00
 -999.90      313.23      358.94        1.55        0.00        0.00        0.00
 -999.90      296.98      361.17        1.31        0.00        0.00        0.00
 -999.90      281.43      363.42        1.07        0.00        0.00        0.00
 -999.90      266.54      365.47        0.89        0.00        0.00        0.00
 -999.90      252.29      367.44        0.72        0.00        0.00        0.00
 -999.90      238.65      369.24        0.59        0.00        0.00        0.00
 -999.90      225.59      370.92        0.49        0.00        0.00        0.00
 -999.90      213.09      372.62        0.40        0.00        0.00        0.00
 -999.90      201.14      374.26        0.32        0.00        0.00        0.00
 -999.90      189.72      375.80        0.26        0.00        0.00        0.00
 -999.90      178.80      377.33        0.20        0.00        0.00        0.00
 -999.90      168.37      378.90        0.16        0.00        0.00        0.00
 -999.90      158.42      380.68        0.12        0.00        0.00        0.00
 -999.90      148.93      382.58        0.10        0.00        0.00        0.00
 -999.90      139.90      384.80        0.07        0.00        0.00        0.00
 -999.90      131.29      387.54        0.06        0.00        0.00        0.00
 -999.90      123.10      390.68        0.04        0.00        0.00        0.00
 -999.90      115.32      394.04        0.03        0.00        0.00        0.00
 -999.90      107.91      398.12        0.03        0.00        0.00        0.00
 -999.90      100.85      402.51        0.02        0.00        0.00        0.00
 -999.90       94.09      407.90        0.02        0.00        0.00        0.00
 -999.90       87.58      413.16        0.02        0.00        0.00        0.00
 -999.90       81.21      420.70        0.02        0.00        0.00        0.00
 -999.90       74.86      430.29        0.01        0.00        0.00        0.00
 -999.90       68.36      442.77        0.01        0.00        0.00        0.00
 -999.90       61.53      459.13        0.01        0.00        0.00        0.00
 -999.90       54.35      481.72        0.01        0.00        0.00        0.00
 -999.90       47.16      511.95        0.01        0.00        0.00        0.00
 -999.90       40.56      548.68        0.01        0.00        0.00        0.00
 -999.90       34.87      584.33        0.00        0.00        0.00        0.00
 -999.90       30.03      624.65        0.00        0.00        0.00        0.00
 -999.90       25.90      663.54        0.00        0.00        0.00        0.00
 -999.90       22.39      704.19        0.00        0.00        0.00        0.00

