p[mb] (dt/dt)rad [K/s]
0.00 71
 1002.56    -0.0000214856
  996.85    -0.0000247478
  991.16    -0.0000174552
  985.50    -0.0000192605
  979.86    -0.0000193853
  974.25    -0.0000193154
  968.66    -0.0000191398
  963.09    -0.0000187868
  957.54    -0.0000182755
  952.02    -0.0000176440
  946.53    -0.0000169387
  941.05    -0.0000162029
  935.61    -0.0000156817
  930.18    -0.0000154096
  924.78    -0.0000155506
  919.41    -0.0000163731
  914.06    -0.0000175950
  908.74    -0.0000184515
  903.44    -0.0000194881
  898.16    -0.0000196917
  892.91    -0.0000199436
  879.52    -0.0000174243
  858.30    -0.0000162510
  829.73    -0.0000157760
  794.43    -0.0000154675
  753.20    -0.0000156123
  706.93    -0.0000159640
  656.61    -0.0000156009
  609.30    -0.0000157546
  564.83    -0.0000158964
  523.04    -0.0000157835
  483.81    -0.0000152811
  446.98    -0.0000139798
  412.40    -0.0000126839
  379.95    -0.0000116834
  349.51    -0.0000109197
  320.95    -0.0000102403
  294.18    -0.0000094054
  269.12    -0.0000076671
  245.69    -0.0000057913
  223.82    -0.0000047536
  203.44    -0.0000023340
  184.51    -0.0000012806
  166.98    0.0000006661
  150.83    0.0000022784
  136.05    0.0000023278
  122.63    0.0000019597
  110.50    0.0000010300
   99.57    0.0000007607
   89.81    0.0000015349
   81.08    0.0000007874
   73.27    0.0000000832
   66.26    0.0000002162
   59.97    0.0000004074
   54.33    0.0000022442
   49.27    0.0000021244
   44.72    0.0000018240
   40.64    0.0000007112
   36.94    0.0000012859
   33.60    0.0000026664
   30.57    0.0000057750
   27.82    0.0000049800
   25.34    0.0000012270
   23.09    -0.0000011264
   21.06    -0.0000016096
   19.22    -0.0000028356
   17.54    -0.0000018532
   16.00    -0.0000005662
   14.61    -0.0000012112
   13.34    0.0000004747
   12.19    -0.0000008802
1000.00 71
 1002.56    -0.0000214856
  996.85    -0.0000247478
  991.16    -0.0000174552
  985.50    -0.0000192605
  979.86    -0.0000193853
  974.25    -0.0000193154
  968.66    -0.0000191398
  963.09    -0.0000187868
  957.54    -0.0000182755
  952.02    -0.0000176440
  946.53    -0.0000169387
  941.05    -0.0000162029
  935.61    -0.0000156817
  930.18    -0.0000154096
  924.78    -0.0000155506
  919.41    -0.0000163731
  914.06    -0.0000175950
  908.74    -0.0000184515
  903.44    -0.0000194881
  898.16    -0.0000196917
  892.91    -0.0000199436
  879.52    -0.0000174243
  858.30    -0.0000162510
  829.73    -0.0000157760
  794.43    -0.0000154675
  753.20    -0.0000156123
  706.93    -0.0000159640
  656.61    -0.0000156009
  609.30    -0.0000157546
  564.83    -0.0000158964
  523.04    -0.0000157835
  483.81    -0.0000152811
  446.98    -0.0000139798
  412.40    -0.0000126839
  379.95    -0.0000116834
  349.51    -0.0000109197
  320.95    -0.0000102403
  294.18    -0.0000094054
  269.12    -0.0000076671
  245.69    -0.0000057913
  223.82    -0.0000047536
  203.44    -0.0000023340
  184.51    -0.0000012806
  166.98    0.0000006661
  150.83    0.0000022784
  136.05    0.0000023278
  122.63    0.0000019597
  110.50    0.0000010300
   99.57    0.0000007607
   89.81    0.0000015349
   81.08    0.0000007874
   73.27    0.0000000832
   66.26    0.0000002162
   59.97    0.0000004074
   54.33    0.0000022442
   49.27    0.0000021244
   44.72    0.0000018240
   40.64    0.0000007112
   36.94    0.0000012859
   33.60    0.0000026664
   30.57    0.0000057750
   27.82    0.0000049800
   25.34    0.0000012270
   23.09    -0.0000011264
   21.06    -0.0000016096
   19.22    -0.0000028356
   17.54    -0.0000018532
   16.00    -0.0000005662
   14.61    -0.0000012112
   13.34    0.0000004747
   12.19    -0.0000008802

