p[mb] (dt/dt)rad [K/s] 
0.00 71  
  1002.56    -0.00000239 
  996.85    -0.00000275 
  991.16    -0.00000194 
  985.50    -0.00000214 
  979.86    -0.00000215 
  974.25    -0.00000215 
  968.66    -0.00000213 
  963.09    -0.00000209 
  957.54    -0.00000203 
  952.02    -0.00000196 
  946.53    -0.00000188 
  941.05    -0.00000180 
  935.61    -0.00000174 
  930.18    -0.00000171 
  924.78    -0.00000173 
  919.41    -0.00000182 
  914.06    -0.00000195 
  908.74    -0.00000205 
  903.44    -0.00000217 
  898.16    -0.00000219 
  892.91    -0.00000222 
  879.52    -0.00000194 
  858.30    -0.00000181 
  829.73    -0.00000175 
  794.43    -0.00000172 
  753.20    -0.00000173 
  706.93    -0.00000177 
  656.61    -0.00000173 
  609.30    -0.00000175 
  564.83    -0.00000177 
  523.04    -0.00000175 
  483.81    -0.00000170 
  446.98    -0.00000155 
  412.40    -0.00000141 
  379.95    -0.00000130 
  349.51    -0.00000121 
  320.95    -0.00000114 
  294.18    -0.00000105 
  269.12    -0.00000085 
  245.69    -0.00000064 
  223.82    -0.00000053 
  203.44    -0.00000026 
  184.51    -0.00000014 
  166.98    0.00000007 
  150.83    0.00000025 
  136.05    0.00000026 
  122.63    0.00000022 
  110.50    0.00000011 
   99.57    0.00000008 
   89.81    0.00000017 
   81.08    0.00000009 
   73.27    0.00000001 
   66.26    0.00000002 
   59.97    0.00000005 
   54.33    0.00000025 
   49.27    0.00000024 
   44.72    0.00000020 
   40.64    0.00000008 
   36.94    0.00000014 
   33.60    0.00000030 
   30.57    0.00000064 
   27.82    0.00000055 
   25.34    0.00000014 
   23.09    -0.00000013 
   21.06    -0.00000018 
   19.22    -0.00000032 
   17.54    -0.00000021 
   16.00    -0.00000006 
   14.61    -0.00000013 
   13.34    0.00000005 
   12.19    -0.00000010 
1000.00 71  
  1002.56    -0.00000239 
  996.85    -0.00000275 
  991.16    -0.00000194 
  985.50    -0.00000214 
  979.86    -0.00000215 
  974.25    -0.00000215 
  968.66    -0.00000213 
  963.09    -0.00000209 
  957.54    -0.00000203 
  952.02    -0.00000196 
  946.53    -0.00000188 
  941.05    -0.00000180 
  935.61    -0.00000174 
  930.18    -0.00000171 
  924.78    -0.00000173 
  919.41    -0.00000182 
  914.06    -0.00000195 
  908.74    -0.00000205 
  903.44    -0.00000217 
  898.16    -0.00000219 
  892.91    -0.00000222 
  879.52    -0.00000194 
  858.30    -0.00000181 
  829.73    -0.00000175 
  794.43    -0.00000172 
  753.20    -0.00000173 
  706.93    -0.00000177 
  656.61    -0.00000173 
  609.30    -0.00000175 
  564.83    -0.00000177 
  523.04    -0.00000175 
  483.81    -0.00000170 
  446.98    -0.00000155 
  412.40    -0.00000141 
  379.95    -0.00000130 
  349.51    -0.00000121 
  320.95    -0.00000114 
  294.18    -0.00000105 
  269.12    -0.00000085 
  245.69    -0.00000064 
  223.82    -0.00000053 
  203.44    -0.00000026 
  184.51    -0.00000014 
  166.98    0.00000007 
  150.83    0.00000025 
  136.05    0.00000026 
  122.63    0.00000022 
  110.50    0.00000011 
   99.57    0.00000008 
   89.81    0.00000017 
   81.08    0.00000009 
   73.27    0.00000001 
   66.26    0.00000002 
   59.97    0.00000005 
   54.33    0.00000025 
   49.27    0.00000024 
   44.72    0.00000020 
   40.64    0.00000008 
   36.94    0.00000014 
   33.60    0.00000030 
   30.57    0.00000064 
   27.82    0.00000055 
   25.34    0.00000014 
   23.09    -0.00000013 
   21.06    -0.00000018 
   19.22    -0.00000032 
   17.54    -0.00000021 
   16.00    -0.00000006 
   14.61    -0.00000013 
   13.34    0.00000005 
   12.19    -0.00000010 

