  z[m]   p[mb]  tp[K] q[g/kg] u[m/s] v[m/s]
    0.00,    41,  1008.29  day,levels,pres0
 -999.0 1008.3 300.40 18.670   0.00   0.00
 -999.0 1000.0 300.80 18.015   0.00   0.00
 -999.0  975.0 301.01 17.530   0.00   0.00
 -999.0  950.0 301.43 16.717   0.00   0.00
 -999.0  925.0 302.24 15.169   0.00   0.00
 -999.0  900.0 303.23 13.855   0.00   0.00
 -999.0  875.0 304.30 12.794   0.00   0.00
 -999.0  850.0 305.48 11.850   0.00   0.00
 -999.0  825.0 306.74 10.956   0.00   0.00
 -999.0  800.0 308.09 10.144   0.00   0.00
 -999.0  775.0 309.50  9.320   0.00   0.00
 -999.0  750.0 310.93  8.578   0.00   0.00
 -999.0  725.0 312.33  7.914   0.00   0.00
 -999.0  700.0 313.72  7.316   0.00   0.00
 -999.0  675.0 315.11  6.782   0.00   0.00
 -999.0  650.0 316.52  6.293   0.00   0.00
 -999.0  625.0 317.99  5.794   0.00   0.00
 -999.0  600.0 319.51  5.300   0.00   0.00
 -999.0  575.0 321.20  4.836   0.00   0.00
 -999.0  550.0 323.06  4.349   0.00   0.00
 -999.0  525.0 325.02  3.774   0.00   0.00
 -999.0  500.0 327.00  3.260   0.00   0.00
 -999.0  475.0 329.02  2.810   0.00   0.00
 -999.0  450.0 331.08  2.373   0.00   0.00
 -999.0  425.0 333.20  1.967   0.00   0.00
 -999.0  400.0 335.34  1.588   0.00   0.00
 -999.0  375.0 337.41  1.239   0.00   0.00
 -999.0  350.0 339.38  0.941   0.00   0.00
 -999.0  325.0 341.23  0.686   0.00   0.00
 -999.0  300.0 342.94  0.471   0.00   0.00
 -999.0  275.0 344.51  0.307   0.00   0.00
 -999.0  250.0 345.92  0.187   0.00   0.00
 -999.0  225.0 347.21  0.107   0.00   0.00
 -999.0  200.0 348.52  0.054   0.00   0.00
 -999.0  175.0 350.07  0.025   0.00   0.00
 -999.0  150.0 352.12  0.010   0.00   0.00
 -999.0  125.0 356.28  0.006   0.00   0.00
 -999.0  100.0 368.43  0.003   0.00   0.00
 -999.0   75.0 411.60  0.004   0.00   0.00
 -999.0   50.0 497.19  0.004   0.00   0.00
 -999.0   25.0 629.98  0.004   0.00   0.00
 1000.00,    41,  1008.29  day,levels,pres0
 -999.0 1008.3 300.40 18.670   0.00   0.00
 -999.0 1000.0 300.80 18.015   0.00   0.00
 -999.0  975.0 301.01 17.530   0.00   0.00
 -999.0  950.0 301.43 16.717   0.00   0.00
 -999.0  925.0 302.24 15.169   0.00   0.00
 -999.0  900.0 303.23 13.855   0.00   0.00
 -999.0  875.0 304.30 12.794   0.00   0.00
 -999.0  850.0 305.48 11.850   0.00   0.00
 -999.0  825.0 306.74 10.956   0.00   0.00
 -999.0  800.0 308.09 10.144   0.00   0.00
 -999.0  775.0 309.50  9.320   0.00   0.00
 -999.0  750.0 310.93  8.578   0.00   0.00
 -999.0  725.0 312.33  7.914   0.00   0.00
 -999.0  700.0 313.72  7.316   0.00   0.00
 -999.0  675.0 315.11  6.782   0.00   0.00
 -999.0  650.0 316.52  6.293   0.00   0.00
 -999.0  625.0 317.99  5.794   0.00   0.00
 -999.0  600.0 319.51  5.300   0.00   0.00
 -999.0  575.0 321.20  4.836   0.00   0.00
 -999.0  550.0 323.06  4.349   0.00   0.00
 -999.0  525.0 325.02  3.774   0.00   0.00
 -999.0  500.0 327.00  3.260   0.00   0.00
 -999.0  475.0 329.02  2.810   0.00   0.00
 -999.0  450.0 331.08  2.373   0.00   0.00
 -999.0  425.0 333.20  1.967   0.00   0.00
 -999.0  400.0 335.34  1.588   0.00   0.00
 -999.0  375.0 337.41  1.239   0.00   0.00
 -999.0  350.0 339.38  0.941   0.00   0.00
 -999.0  325.0 341.23  0.686   0.00   0.00
 -999.0  300.0 342.94  0.471   0.00   0.00
 -999.0  275.0 344.51  0.307   0.00   0.00
 -999.0  250.0 345.92  0.187   0.00   0.00
 -999.0  225.0 347.21  0.107   0.00   0.00
 -999.0  200.0 348.52  0.054   0.00   0.00
 -999.0  175.0 350.07  0.025   0.00   0.00
 -999.0  150.0 352.12  0.010   0.00   0.00
 -999.0  125.0 356.28  0.006   0.00   0.00
 -999.0  100.0 368.43  0.003   0.00   0.00
 -999.0   75.0 411.60  0.004   0.00   0.00
 -999.0   50.0 497.19  0.004   0.00   0.00
 -999.0   25.0 629.98  0.004   0.00   0.00
